1.032 3.886790646884824e-06 2.1887604687560674e-10
1.1395555555555557 0.0018813794261208787 2.7875000581972354e-07
1.247111111111111 0.00838436524787459 2.0185894359981156e-06
1.3546666666666667 0.018901699007582803 6.0197001377357355e-06
1.4622222222222223 0.0325516230748804 1.2695600875990318e-05
1.569777777777778 0.048675786502432435 2.2015901614988627e-05
1.6773333333333333 0.06697406524427421 3.412005003923286e-05
1.784888888888889 0.08716757227925495 4.912007667688343e-05
1.8924444444444446 0.10905675264377707 6.714179220464596e-05
2.0 0.13269440445994052 8.808651432439093e-05
5.519977973148802 1.6455225346643032 0.0029568122786415357
7.74046571699616 3.270450033859052 0.007576293014359551
10.854175470887833 6.2219637727633526 0.018303400593389297
15.220418184158413 11.375891310821723 0.04212879428613324
21.34304262189259 19.67163334527875 0.0954739292861788
29.928577707151284 31.553308912990467 0.1825350857193827
41.967763427235546 47.507656425612474 0.3363946914317933
58.849878678449734 68.89347339071564 0.5905574740083755
82.52305907301923 95.0193399969802 1.0919250764603459
115.71910480866974 119.87534653803542 1.429262910214166
162.26872062354266 153.26540686263792 2.281888585886841
227.54356539775665 183.1004411708604 3.2128863578659645
319.07612234178947 197.72369164776035 3.4770927322454006
447.4289205704611 232.03304045960755 4.85895312626625
627.4134131177798 290.21580580661623 7.30621328509424
879.799165548375 295.6809620124478 7.806058296094066
1233.7105894073534 294.5694035555371 7.905461613354188
1729.9877949613194 329.1224447489217 10.689953053429443
2425.899393595081 314.24461522927635 8.568548173055598
3401.751090374919 347.1036175164674 12.78733615110254
4770.152674681982 326.0304983500128 10.779266070921533
6689.012786431657 384.6256102911998 14.559274389174167
9379.761007341142 409.3732763248804 15.183549381489515
13152.900041288687 431.74105262632537 15.881827058467382
18443.83661382557 477.61870136254674 20.34380580773149
25863.12584826444 520.1828355015532 22.8140312917335
36266.9271393217 617.9091150630784 28.157187572591297
50855.80187969156 629.0587632282533 23.08941283792498
71313.2539432128 916.853034300015 49.21051179048665
100000.0 1171.3228493714087 54.95646884743904
