1.032 1.424759600140892e-07 7.838498673947565e-12
1.1395555555555557 7.027956856614228e-05 7.049457037994841e-09
1.247111111111111 0.00040806354517019443 6.645523185451683e-08
1.3546666666666667 0.001160624067780079 2.576512222556158e-07
1.4622222222222223 0.002414913064905966 6.759611388430853e-07
1.569777777777778 0.00422297293744527 1.40747924442397e-06
1.6773333333333333 0.006601410892167937 2.528187611432822e-06
1.784888888888889 0.009555451594611344 4.097813930880166e-06
1.8924444444444446 0.013111222771868616 6.135252359371199e-06
2.0 0.01722097636009384 8.781954875326866e-06
5.519977973148802 0.4083702783787076 0.0005977072627372577
7.74046571699616 0.8724439397613575 0.0017014066525547237
10.854175470887833 1.7625514057531442 0.004392323408112597
15.220418184158413 3.4800491324392593 0.011474006471919254
21.34304262189259 6.596073691396141 0.026868826420248185
29.928577707151284 11.902263387623204 0.05825729328735002
41.967763427235546 20.497925185211816 0.13911060772484543
58.849878678449734 33.23890782042698 0.26995890867847916
82.52305907301923 51.0113474750157 0.5508502357555497
115.71910480866974 73.89345673271181 1.0067880995158682
162.26872062354266 98.28377596467111 1.5860141388665352
227.54356539775665 121.04691651732146 2.027692052169078
319.07612234178947 146.70724144290108 2.662633132918928
447.4289205704611 179.6809215622697 4.21562253675787
627.4134131177798 211.81655031146664 5.6481371032788905
879.799165548375 237.75224106961434 6.53599671826343
1233.7105894073534 250.37251641485173 6.791745301265571
1729.9877949613194 283.0264590407297 9.533979887619818
2425.899393595081 311.31412083879474 11.423841397502095
3401.751090374919 291.0419860499879 9.148958746132106
4770.152674681982 300.6144654298554 10.820199586662177
6689.012786431657 418.0838425236959 19.869129006739737
9379.761007341142 356.86112174930577 14.776584986451095
13152.900041288687 412.3687681336809 19.752084799228932
18443.83661382557 347.3533948649355 16.51484570616956
25863.12584826444 473.92104635710774 22.278184057632004
36266.9271393217 413.23529935244744 16.184218675689962
50855.80187969156 749.5788346707437 42.82551551433645
71313.2539432128 633.9654335956749 31.43734092928937
100000.0 1130.3695356961136 57.059415290874895
