1.032 0.2160666377754553 2.52986811981212e-05
1.1395555555555557 9.081676884569871 0.004585082687705533
1.247111111111111 13.166588324982717 0.00923128465345011
1.3546666666666667 15.652734564132524 0.01327296969956554
1.4622222222222223 17.58293987873957 0.017091055350371896
1.569777777777778 19.37641107987567 0.020770136749588972
1.6773333333333333 20.95862458231589 0.024223964554484032
1.784888888888889 22.54745176344395 0.028066111172971194
1.8924444444444446 23.98871408540277 0.031119917157648783
2.0 25.523410557186036 0.035262540657526084
5.519977973148802 67.90566522852251 0.17498414487027805
