1.032 5.8029989559845845e-05 3.5265493550538177e-09
1.1395555555555557 0.02197652118268614 4.590828150520281e-06
1.247111111111111 0.07323739575472284 2.385372943057584e-05
1.3546666666666667 0.13511193499993018 5.652849224509685e-05
1.4622222222222223 0.20128061826774943 9.964331941835424e-05
1.569777777777778 0.2697392732315687 0.0001540935559348799
1.6773333333333333 0.34076323350868326 0.00021735343018319375
1.784888888888889 0.4143783188949694 0.0002905712767872156
1.8924444444444446 0.49003178635888694 0.0003732422219168907
2.0 0.5687040228190448 0.00046421376876788734
5.519977973148802 4.863885952693993 0.010204180253419215
7.74046571699616 8.965327026785147 0.024150028802823926
10.854175470887833 15.737313215943843 0.053243932301223706
15.220418184158413 25.91953428693055 0.1055262044062384
21.34304262189259 40.19186450729968 0.1891998833998657
29.928577707151284 58.81996144640564 0.3609160558417275
41.967763427235546 80.46853516182354 0.5918549583426482
58.849878678449734 105.8887461595945 0.8573979440173041
82.52305907301923 134.6881049649391 1.3770849534905762
115.71910480866974 166.1047221240449 1.8009879563214994
162.26872062354266 194.43586461256584 2.4688820750274325
227.54356539775665 230.80567826534568 3.9114555570072
319.07612234178947 254.58990142245585 4.726276199087156
447.4289205704611 267.0376151995163 5.228153446947392
627.4134131177798 316.90229396483335 6.958994556231641
879.799165548375 327.76727685322726 7.507874713935029
1233.7105894073534 356.4839809515053 9.243078321031046
1729.9877949613194 367.0011560804804 10.2713558406891
2425.899393595081 404.77029062104606 12.175669872766635
3401.751090374919 392.85961535499086 11.881034179631536
4770.152674681982 396.053848707704 10.823241521596035
6689.012786431657 365.11845911778823 11.82557239663664
9379.761007341142 457.05441447542546 17.730848023454723
13152.900041288687 531.3861457329826 21.90485370990181
18443.83661382557 501.66412422566316 18.66061577039196
25863.12584826444 551.0879320670047 23.598583107978676
36266.9271393217 735.9722842320958 33.90726760121938
50855.80187969156 820.6609796939185 35.658505790518234
71313.2539432128 953.5448517067236 42.14310223327072
100000.0 1230.8915815664125 51.4711891439455
