1.032 3.9586086717567735e-08 2.260951029804419e-12
1.1395555555555557 1.8514029783145533e-05 1.6433472802983671e-09
1.247111111111111 0.00011466760160477127 1.6013847675948215e-08
1.3546666666666667 0.0003510315073036724 6.775097967205909e-08
1.4622222222222223 0.0007833344452172237 1.9311051430742902e-07
1.569777777777778 0.001453524799113133 4.255427466128576e-07
1.6773333333333333 0.002400457425036012 8.121396451914648e-07
1.784888888888889 0.0036407526073560315 1.388315094087531e-06
1.8924444444444446 0.005199362280155526 2.1870286768328755e-06
2.0 0.007074012026287445 3.2491304887313808e-06
5.519977973148802 0.2314486532894351 0.000309055344090615
7.74046571699616 0.511291985042377 0.000901650384402388
10.854175470887833 1.0656193318851648 0.0024499035709072297
15.220418184158413 2.126134323580219 0.006344821135320521
21.34304262189259 4.123853827015655 0.015604001626966128
29.928577707151284 7.725331661450322 0.0370631486380558
41.967763427235546 14.082486597114334 0.08982024711664609
58.849878678449734 23.793973755637566 0.19751685950869505
82.52305907301923 37.59706014315107 0.3989616874738507
115.71910480866974 56.508354662867866 0.686525829893214
162.26872062354266 78.1690356634968 1.2750240512814346
227.54356539775665 105.81986889618483 1.9135684211910995
319.07612234178947 122.29007155709006 2.2395904836167535
447.4289205704611 150.58313126412367 3.3280246360999897
627.4134131177798 197.60517501493163 5.634952743704547
879.799165548375 213.40167195930843 6.732720417521658
1233.7105894073534 222.54244059554406 6.725430856625206
1729.9877949613194 245.2779727443062 8.479998340135595
2425.899393595081 266.46978580817927 9.649185477028626
3401.751090374919 316.03245751051014 13.881605318772126
4770.152674681982 248.5653993452284 11.075839295687423
6689.012786431657 327.25285927073213 12.678763858540474
9379.761007341142 353.2830429112084 16.54240286200419
13152.900041288687 325.602768124893 11.989015153903692
18443.83661382557 379.9458113445191 18.64915710673471
25863.12584826444 443.6478424703304 21.65619373482755
36266.9271393217 521.2880823825715 30.614939489302643
50855.80187969156 608.0716270809781 37.46433390613474
71313.2539432128 493.41369547950353 17.159279824978462
100000.0 713.2819631211585 32.38826644957646
