1.032 8.245605124055456e-07 4.407062626986095e-11
1.1395555555555557 0.0004160270529809133 5.131807843704171e-08
1.247111111111111 0.002134153169740551 4.283248195179865e-07
1.3546666666666667 0.0053908844210909775 1.4576994562353997e-06
1.4622222222222223 0.010146986968365544 3.3827370773923837e-06
1.569777777777778 0.016312056716655688 6.417389117980289e-06
1.6773333333333333 0.023763100639466732 1.0590495642829324e-05
1.784888888888889 0.03240360379253863 1.604028910873084e-05
1.8924444444444446 0.042202493166412426 2.2863708402878673e-05
2.0 0.05313745249941698 3.124922672573903e-05
5.519977973148802 0.8663262982229906 0.0014039075444993488
7.74046571699616 1.7688461627549077 0.003723365507847908
10.854175470887833 3.4742721028595462 0.009557049956838981
15.220418184158413 6.650614901490013 0.0236272631577037
21.34304262189259 11.95217670053988 0.0543759725925402
29.928577707151284 20.607347325246945 0.12180811067717649
41.967763427235546 33.62665104527446 0.22959331544805986
58.849878678449734 50.469167565696324 0.4276309482457877
82.52305907301923 72.78810844069297 0.7797172191849184
115.71910480866974 94.77789586083566 1.1221766219876161
162.26872062354266 127.33943142548665 1.9302489859398386
227.54356539775665 152.68448630804514 2.553223237082816
319.07612234178947 177.94141618859263 3.460610080266039
447.4289205704611 218.37182162987492 5.407911189683895
627.4134131177798 239.08499233538538 5.771354436534175
879.799165548375 237.26717858951076 6.027736334510053
1233.7105894073534 261.9520040817327 7.262671962970214
1729.9877949613194 281.80449004697783 9.098858902451713
2425.899393595081 299.63288049351075 10.605543362826946
3401.751090374919 368.5910369172289 15.381683319805656
4770.152674681982 376.8843002122341 13.84570112459242
6689.012786431657 392.9845452038784 17.233003915565714
9379.761007341142 363.26898030509346 13.561525310228884
13152.900041288687 400.281023898383 16.41657755768838
18443.83661382557 426.8396601603319 17.192154614125027
25863.12584826444 431.82445826890927 21.513897719930622
36266.9271393217 508.32741320365307 20.617085586608063
50855.80187969156 617.5341450007032 27.315693464517935
71313.2539432128 716.0537047309672 35.400880084559354
100000.0 951.9340765244318 43.653918180218405
