1.032 8.459792863756091e-08 4.7059245339022636e-12
1.1395555555555557 4.096502868592293e-05 3.862003960924413e-09
1.247111111111111 0.0002448911771377973 3.716940667969575e-08
1.3546666666666667 0.0007186367924640913 1.5115926409262733e-07
1.4622222222222223 0.0015381381018769917 4.0603796622781495e-07
1.569777777777778 0.0027576614268562693 8.725421454526347e-07
1.6773333333333333 0.0044056268601040454 1.5956359681342916e-06
1.784888888888889 0.006501757839101158 2.6639689302533137e-06
1.8924444444444446 0.009066744286649416 4.076616398705062e-06
2.0 0.012081862433171659 5.916843416567339e-06
5.519977973148802 0.3237640340791737 0.00045457488790682284
7.74046571699616 0.7021387412381054 0.001309819207587038
10.854175470887833 1.4388669749190548 0.0034886152983832123
15.220418184158413 2.849033666658389 0.008840228863418698
21.34304262189259 5.447341489200588 0.02207007430910778
29.928577707151284 10.02015573651203 0.052360443625376875
41.967763427235546 17.59556272617963 0.11124965719522398
58.849878678449734 29.270035088662087 0.2369040084336303
82.52305907301923 45.39089355359041 0.45358635269469033
115.71910480866974 65.03322206160196 0.8772521013347434
162.26872062354266 90.8981914149477 1.3290324001606848
227.54356539775665 118.39297496942673 2.1298904311573237
319.07612234178947 140.0357202347909 2.583533101013498
447.4289205704611 175.93783181369653 4.118847994783218
627.4134131177798 197.94366785211116 4.746256975019732
879.799165548375 248.23393942441552 7.3879706460030095
1233.7105894073534 269.948374102962 9.075133141164956
1729.9877949613194 273.27206123511553 8.958854702608557
2425.899393595081 274.8860757547039 9.376009449769775
3401.751090374919 293.7665863254077 10.555248729491614
4770.152674681982 316.78126171690343 11.140971283794403
6689.012786431657 315.4723999471557 13.304178861650302
9379.761007341142 345.92238137714935 15.2223797364959
13152.900041288687 387.52621960651965 21.405570848006658
18443.83661382557 364.78527895598137 13.982224093337278
25863.12584826444 512.429053309722 29.93975851505244
36266.9271393217 525.3941410779968 26.163714595765995
50855.80187969156 504.7429236077257 24.098628949078762
71313.2539432128 746.9735737652109 40.18425537831375
100000.0 738.711913541719 30.06042572338925
