1.032 2.9443829829650865e-07 1.5953015308513485e-11
1.1395555555555557 0.00014777143993113839 1.6066397574200866e-08
1.247111111111111 0.0008191149272080433 1.4497042550438775e-07
1.3546666666666667 0.0022227839818405783 5.390412070798585e-07
1.4622222222222223 0.004439547007636584 1.3377012347276593e-06
1.569777777777778 0.007492569837398373 2.6717493287552328e-06
1.6773333333333333 0.011376010610610226 4.634109378207796e-06
1.784888888888889 0.016076628065806224 7.3139701066816866e-06
1.8924444444444446 0.02153594473822599 1.0771372237558513e-05
2.0 0.027795724569566617 1.5033070183871849e-05
5.519977973148802 0.558723988642981 0.0008558553091263126
7.74046571699616 1.173946829399077 0.002337977543219389
10.854175470887833 2.3460394787890566 0.0060280625164629
15.220418184158413 4.543056042217329 0.015248816833620496
21.34304262189259 8.497228914684973 0.035856771055864926
29.928577707151284 15.255693905829796 0.08682953332116462
41.967763427235546 25.88877726919923 0.1807391617165032
58.849878678449734 39.409476797544876 0.3571474059661177
82.52305907301923 60.368262409503856 0.6522735021189695
115.71910480866974 84.18235084360033 1.092421574443402
162.26872062354266 105.82860237657005 1.6986992129686822
227.54356539775665 135.82864910057484 2.291612269520433
319.07612234178947 168.9479563716528 3.820014157848408
447.4289205704611 187.5001846067307 4.334686009408906
627.4134131177798 228.42753945691624 5.912910636981479
879.799165548375 224.05535930013147 5.5478893806174145
1233.7105894073534 256.2331564304944 6.914848744994375
1729.9877949613194 281.02777459237683 8.294859153652803
2425.899393595081 274.2231583193393 8.384916627530135
3401.751090374919 279.8574197411703 8.354033079407333
4770.152674681982 302.94193440345435 10.00458959491752
6689.012786431657 322.80207825079145 11.400194114335632
9379.761007341142 379.78612314940546 16.028878451160026
13152.900041288687 382.9297653087372 15.742956839291837
18443.83661382557 471.7108657845171 23.534472122014794
25863.12584826444 484.9535195910457 20.516451968324148
36266.9271393217 568.2921669948156 23.259349958408716
50855.80187969156 670.0784141087975 37.21500957521474
71313.2539432128 659.9883983221683 33.860254078673435
100000.0 828.7508395374151 31.15694998062387
