Y0 Y1 Y2 Y3 Y4 a b c d
0 0 0 0 1 -171996 -174.2 92025 8.9
-2 0 0 2 2 -13187 -1.6 5736 -3.1
0 0 0 2 2 -2274 -0.2 977 -0.5
0 0 0 0 2 2062 0.2 -895 0.5
0 1 0 0 0 1426 -3.4 54 -0.1
0 0 1 0 0 712 0.1 -7
-2 1 0 2 2 -517 1.2 224 -0.6
0 0 0 2 1 -386 -0.4 200
0 0 1 2 2 -301 129 -0.1
-2 -1 0 2 2 217 -0.5 -95 0.3
-2 0 1 0 0 -158
-2 0 0 2 1 129 0.1 -70
0 0 -1 2 2 123 -53
2 0 0 0 0 63
0 0 1 0 1 63 0.1 -33
2 0 -1 2 2 -59 26
0 0 -1 0 1 -58 -0.1 32
0 0 1 2 1 -51 27
-2 0 2 0 0 48
0 0 -2 2 1 46 -24
2 0 0 2 2 -38 16
0 0 2 2 2 -31 13
0 0 2 0 0 29
-2 0 1 2 2 29 -12
0 0 0 2 0 26
-2 0 0 2 0 -22
0 0 -1 2 1 21 -10
0 2 0 0 0 17 -0.1
2 0 -1 0 1 16 -8
-2 2 0 2 2 -16 0.1 7
0 1 0 0 1 -15 9
-2 0 1 0 1 -13 7
0 -1 0 0 1 -12 6
0 0 2 -2 0 11
2 0 -1 2 1 -10 5
2 0 1 2 2 -8 3
0 1 0 2 2 7 -3
-2 1 1 0 0 -7
0 -1 0 2 2 -7 3
2 0 0 2 1 -7 3
2 0 1 0 0 6
-2 0 2 2 2 6 -3
-2 0 1 2 1 6 -3
2 0 -2 0 1 -6 3
2 0 0 0 1 -6 3
0 -1 1 0 0 5
-2 -1 0 2 1 -5 3
-2 0 0 0 1 -5 3
0 0 2 2 1 -5 3
-2 0 2 0 1 4
-2 1 0 2 1 4
0 0 1 -2 0 4
-1 0 1 0 0 -4
-2 1 0 0 0 -4
1 0 0 0 0 -4
0 0 1 2 0 3
0 0 -2 2 2 -3
-1 -1 1 0 0 -3
0 1 1 0 0 -3
0 -1 1 2 2 -3
2 -1 -1 2 2 -3
0 0 3 2 2 -3
2 -1 0 2 2 -3