Term Row Number A B C
0 628331966747 0 0
1 206059 2.678235 6283.07585
2 4303 2.6351 12566.1517
3 425 1.59 3.523
4 119 5.796 26.298
5 109 2.966 1577.344
6 93 2.59 18849.23
7 72 1.14 529.69
8 68 1.87 398.15
9 67 4.41 5507.55
10 59 2.89 5223.69
11 56 2.17 155.42
12 45 0.4 796.3
13 36 0.47 775.52
14 29 2.65 7.11
15 21 5.34 0.98
16 19 1.85 5486.78
17 19 4.97 213.3
18 17 2.99 6275.96
19 16 0.03 2544.31
20 16 1.43 2146.17
21 15 1.21 10977.08
22 12 2.83 1748.02
23 12 3.26 5088.63
24 12 5.27 1194.45
25 12 2.08 4694
26 11 0.77 553.57
27 10 1.3 6286.6
28 10 4.24 1349.87
29 9 2.7 242.73
30 9 5.64 951.72
31 8 5.3 2352.87
32 6 2.65 9437.76
33 6 4.67 4690.48