Term Row Number A B C
0 100013989 0 0
1 1670700 3.0984635 6283.07585
2 13956 3.05525 12566.1517
3 3084 5.1985 77713.7715
4 1628 1.1739 5753.3849
5 1576 2.8469 7860.4194
6 925 5.453 11506.77
7 542 4.564 3930.21
8 472 3.661 5884.927
9 346 0.964 5507.553
10 329 5.9 5223.694 
11 307 0.299 5573.143
12 243 4.273 11790.629
13 212 5.847 1577.344
14 186 5.022 10977.079
15 175 3.012 18849.228
16 110 5.055 5486.778
17 98 0.89 6069.78
18 86 5.69 15720.84
19 86 1.27 161000.69
20 65 0.27 17260.15
21 63 0.92 529.69
22 57 2.01 83996.85
23 56 5.24 71430.7
24 49 3.25 2544.31
25 47 2.58 775.52
26 45 5.54 9437.76
27 43 6.01 6275.96
28 39 5.36 4694
29 38 2.39 8827.39
30 37 0.83 19651.05
31 37 4.9 12139.55
32 36 1.67 12036.46
33 35 1.84 2942.46
34 33 0.24 7084.9
35 32 0.18 5088.63
36 32 1.78 398.15
37 28 1.21 6286.6
38 28 1.9 6279.55
39 26 4.59 10447.39
