1e-07 20950808142092.68 
1.0647859778233501e-07 22305650148535.4 
1.1337691785692256e-07 23747754241059.85 
1.2072215234288093e-07 25282667734536.516 
1.2854325502735365e-07 26916275428636.273 
1.3687105549689703e-07 28654815568087.473 
1.4573838066297754e-07 30504902872901.727 
1.5518018416061984e-07 32473538017735.258 
1.6523368413027314e-07 34568130291224.242 
1.7593850992600711e-07 36796511958117.41 
1.8733685832834668e-07 39166959430855.09 
1.994736598775026e-07 41688200372122.05 
2.12396755982669e-07 44369431422120.44 
2.261570875055137e-07 47220327907186.88 
2.408088955612389e-07 50251050581939.64 
2.5640993532873474e-07 53472248369126.5 
2.730217037126282e-07 56895056095053.44 
2.9070968175464785e-07 60531084231529.875 
3.095435927498377e-07 64392400564092.57 
3.295976770850881e-07 68491501383382.14 
3.509509848833503e-07 72841274394493.47 
3.7368768760708517e-07 77454913933626.03 
3.9789740984925684e-07 82345883339597.61 
4.236755826197192e-07 87527792309394.17 
4.511238195196144e-07 93014245036791.83 
4.803503172865972e-07 98818720941948.28 
5.114702822897648e-07 104954331702802.78 
5.446063846554921e-07 111433606718880.34 
5.798892418142366e-07 118268162052415.03 
6.17457933374413e-07 125468347000971.47 
6.574605493528594e-07 133042810324637.27 
7.000547739229598e-07 140998027381344.88 
7.454085069814631e-07 149337638288259.56 
7.937005259840992e-07 158061951038804.12 
8.451211906588864e-07 167166902246612.28 
8.998731933749544e-07 176643498045170.47 
9.581723581247714e-07 186476834865566.25 
1.02024849126919e-06 196645081856136.38 
1.08634628739886e-06 207118367229364.75 
1.1567262938827613e-06 217858805690061.22 
1.2316659379059358e-06 228818519099661.88 
1.311460620044883e-06 239939793134368.0 
1.396424878691305e-06 251154780928797.22 
1.4868936299141743e-06 262385598518014.44 
1.5832234876474744e-06 273545104781531.94 
1.6857941694076074e-06 284538616842112.6 
1.7950099930815817e-06 295265971126721.4 
1.911301470686057e-06 305624045314196.06 
2.035127005379656e-06 315510573346982.1 
2.1669746984178838e-06 324828330789216.75 
2.3073642731733407e-06 333488378992762.5 
2.4568491238055393e-06 341414374550613.6 
2.6160184966557168e-06 348545164086249.1 
2.7854998129655278e-06 354837333092719.6 
2.9659611420752584e-06 360262673606428.1 
3.158113834850658e-06 364809608298245.0 
3.362715327718908e-06 368477572286579.25 
3.580572128366745e-06 371272755422328.2 
3.8125429948700106e-06 373201656569979.5 
4.05954232078622e-06 374264606510236.2 
4.322543739553628e-06 374450026864796.4 
4.60258396240481e-06 373730121572911.4 
4.900766864923265e-06 372058684298846.9 
5.2182678383515925e-06 369372028678481.94 
5.55633842280334e-06 365592117001461.06 
5.916311240642094e-06 360634904456097.9 
6.2996052494743695e-06 354418282710250.25 
6.707731335462662e-06 346873392306506.25 
7.142298269006938e-06 337955262966933.5 
7.6050190462705574e-06 327653089082362.9 
8.097717641548397e-06 315997581258027.6 
8.622336197093503e-06 303065910533113.3 
9.180942678743854e-06 288982500655657.2 
9.775739027526401e-06 273916221378209.0 
1.0409069839370586e-05 258074143172695.38 
1.1083431607145728e-05 241691753830968.47 
1.1801482561452866e-05 225021695393732.56 
1.2566053148961804e-05 208320805725072.94 
1.3380157189597483e-05 191837207840889.62 
1.4247003756555655e-05 175798457689610.22 
1.5170009825977057e-05 160401289439399.38 
1.615281374614281e-05 145804152811721.44 
1.719928957928509e-05 132122724647223.97 
1.831356237254599e-05 119428616041827.47 
1.9500024418280298e-05 107751250177901.06 
2.076335256779779e-05 97082457347996.44 
2.2108526666793492e-05 87383182886174.52 
2.354084918513532e-05 78591512829070.44 
2.506596611838633e-05 70631146395094.42 
2.66898892434529e-05 63419530431809.6 
2.841901981608685e-05 56874882124919.25 
3.0260173803653264e-05 50921656647718.92 
3.22206087526274e-05 45494118278803.41 
3.430805239672989e-05 40538046684173.65 
3.653073311846677e-05 36010751455688.36 
3.889741238415048e-05 31879757801399.785 
4.141741928025567e-05 28120629442641.03 
4.410068728724671e-05 24714388328297.777 
4.6957793435832774e-05 21644963176424.08 
4.9999999999999996e-05 18896994738245.32 
