1e-07 5.6962358279533704e+16 
1.0647859778233501e-07 5.34990629459817e+16 
1.1337691785692256e-07 5.024665056334546e+16 
1.2072215234288093e-07 4.719230017776972e+16 
1.2854325502735365e-07 4.432397147402235e+16 
1.3687105549689703e-07 4.163035729557344e+16 
1.4573838066297754e-07 3.9100839050942744e+16 
1.5518018416061984e-07 3.672544482962602e+16 
1.6523368413027314e-07 3.4494810061627044e+16 
1.7593850992600711e-07 3.240014056440329e+16 
1.8733685832834668e-07 3.04331778302672e+16 
1.994736598775026e-07 2.8586166415824828e+16 
2.12396755982669e-07 2.6851823303065656e+16 
2.261570875055137e-07 2.522330910913022e+16 
2.408088955612389e-07 2.3694201026381804e+16 
2.5640993532873474e-07 2.2258467401099028e+16 
2.730217037126282e-07 2.091044379216866e+16 
2.9070968175464785e-07 1.964482063178175e+16 
3.095435927498377e-07 1.8456580641257692e+16 
3.295976770850881e-07 1.7341042541103844e+16 
3.509509848833503e-07 1.6293797786144716e+16 
3.7368768760708517e-07 1.531070717104457e+16 
3.9789740984925684e-07 1.43878800356337e+16 
4.236755826197192e-07 1.3521660939476776e+16 
4.511238195196144e-07 1.2708614434644266e+16 
4.803503172865972e-07 1.194551074306902e+16 
5.114702822897648e-07 1.122931074369583e+16 
5.446063846554921e-07 1.0557156701555906e+16 
5.798892418142366e-07 9926356390813108.0 
6.17457933374413e-07 9334374537322862.0 
6.574605493528594e-07 8778817953291506.0 
7.000547739229598e-07 8257431639935818.0 
7.454085069814631e-07 7768079293254074.0 
7.937005259840992e-07 7308742984338854.0 
8.451211906588864e-07 6877506095431928.0 
8.998731933749544e-07 6472549603495596.0 
9.581723581247714e-07 6092145168183004.0 
1.02024849126919e-06 5734646586519120.0 
1.08634628739886e-06 5398479842781879.0 
1.1567262938827613e-06 5082145010836961.0 
1.2316659379059358e-06 4784209366938547.0 
1.311460620044883e-06 4503308698050887.5 
1.396424878691305e-06 4238142998248266.0 
1.4868936299141743e-06 3987482445735183.5 
1.5832234876474744e-06 3750170224540283.0 
1.6857941694076074e-06 3525134472706476.0 
1.7950099930815817e-06 3311383392878234.0 
1.911301470686057e-06 3108007808574458.5 
2.035127005379656e-06 2914224225056143.5 
2.1669746984178838e-06 2729336948037978.0 
2.3073642731733407e-06 2552768319526946.5 
2.4568491238055393e-06 2384041345284553.0 
2.6160184966557168e-06 2222795349078006.8 
2.7854998129655278e-06 2068760513329885.0 
2.9659611420752584e-06 1921755136962777.0 
3.158113834850658e-06 1781665701957566.2 
3.362715327718908e-06 1648432799375090.5 
3.580572128366745e-06 1522030582534719.8 
3.8125429948700106e-06 1402445864071694.5 
4.05954232078622e-06 1289663682794352.5 
4.322543739553628e-06 1183651357800601.0 
4.60258396240481e-06 1084347909263342.8 
4.900766864923265e-06 991655677254568.0 
5.2182678383515925e-06 905436563862581.5 
5.55633842280334e-06 825511893829224.8 
5.916311240642094e-06 751664440600277.5 
6.2996052494743695e-06 683642208054323.8 
6.707731335462662e-06 621164269171603.9 
7.142298269006938e-06 563927273488652.2 
7.6050190462705574e-06 511611350966738.25 
8.097717641548397e-06 463886981972637.7 
8.622336197093503e-06 420420465857257.0 
9.180942678743854e-06 380879338548756.0 
9.775739027526401e-06 344937316317774.6 
1.0409069839370586e-05 312278689662554.6 
1.1083431607145728e-05 282601628154132.9 
1.1801482561452866e-05 255622172059711.84 
1.2566053148961804e-05 231076089504642.62 
1.3380157189597483e-05 208721391604200.9 
1.4247003756555655e-05 188339353807449.2 
1.5170009825977057e-05 169735086825595.12 
1.615281374614281e-05 152737286801815.88 
1.719928957928509e-05 137197231474829.06 
1.831356237254599e-05 122987113098189.25 
1.9500024418280298e-05 109997754732228.75 
2.076335256779779e-05 98136006532998.75 
2.2108526666793492e-05 87321851920145.77 
2.354084918513532e-05 77485508419444.55 
2.506596611838633e-05 68564694635213.305 
2.66898892434529e-05 60502185618472.39 
2.841901981608685e-05 53243800594087.39 
3.0260173803653264e-05 46736872465590.89 
3.22206087526274e-05 40929258901235.74 
3.430805239672989e-05 35768812067721.6 
3.653073311846677e-05 31203308500831.33 
3.889741238415048e-05 27180697857475.73 
4.141741928025567e-05 23649605359901.832 
4.410068728724671e-05 20559959393280.8 
4.6957793435832774e-05 17863670689283.51 
4.9999999999999996e-05 15515258631785.49 
