1e-07 1.8383501502265754e+17 
1.0647859778233501e-07 1.726485321500907e+17 
1.1337691785692256e-07 1.6214260349747123e+17 
1.2072215234288093e-07 1.5227581634790477e+17 
1.2854325502735365e-07 1.4300927739072496e+17 
1.3687105549689703e-07 1.3430645941201702e+17 
1.4573838066297754e-07 1.2613305731176158e+17 
1.5518018416061984e-07 1.1845685288139406e+17 
1.6523368413027314e-07 1.1124758780726102e+17 
1.7593850992600711e-07 1.0447684440101446e+17 
1.8733685832834668e-07 9.811793358581002e+16 
1.994736598775026e-07 9.214578969755453e+16 
2.12396755982669e-07 8.653687168642866e+16 
2.261570875055137e-07 8.126907032946582e+16 
2.408088955612389e-07 7.632162108882261e+16 
2.5640993532873474e-07 7.167502227279575e+16 
2.730217037126282e-07 6.731095945431783e+16 
2.9070968175464785e-07 6.321222804182284e+16 
3.095435927498377e-07 5.9362673574065624e+16 
3.295976770850881e-07 5.57471225659447e+16 
3.509509848833503e-07 5.235132398298498e+16 
3.7368768760708517e-07 4.916189335208933e+16 
3.9789740984925684e-07 4.616625986845821e+16 
4.236755826197192e-07 4.335261693547297e+16 
4.511238195196144e-07 4.070987568306038e+16 
4.803503172865972e-07 3.822762132022871e+16 
5.114702822897648e-07 3.5896072158883284e+16 
5.446063846554921e-07 3.370604118144993e+16 
5.798892418142366e-07 3.1648899821274416e+16 
6.17457933374413e-07 2.97165443728875e+16 
6.574605493528594e-07 2.7901363733096624e+16 
7.000547739229598e-07 2.61962099285338e+16 
7.454085069814631e-07 2.459437015886863e+16 
7.937005259840992e-07 2.3089540259461868e+16 
8.451211906588864e-07 2.1675800230748336e+16 
8.998731933749544e-07 2.03475918917112e+16 
9.581723581247714e-07 1.909969545118153e+16 
1.02024849126919e-06 1.7927210418122202e+16 
1.08634628739886e-06 1.6825538205634072e+16 
1.1567262938827613e-06 1.5790359964046676e+16 
1.2316659379059358e-06 1.4817623806883022e+16 
1.311460620044883e-06 1.390352726220832e+16 
1.396424878691305e-06 1.304450035023417e+16 
1.4868936299141743e-06 1.2237200262143508e+16 
1.5832234876474744e-06 1.1478479789873216e+16 
1.6857941694076074e-06 1.076539268564351e+16 
1.7950099930815817e-06 1.0095174060027296e+16 
1.911301470686057e-06 9465211303188984.0 
2.035127005379656e-06 8873067456342136.0 
2.1669746984178838e-06 8316437023019280.0 
2.3073642731733407e-06 7793146100203731.0 
2.4568491238055393e-06 7301140921289322.0 
2.6160184966557168e-06 6838477210396172.0 
2.7854998129655278e-06 6403312409576584.0 
2.9659611420752584e-06 5993895590361878.0 
3.158113834850658e-06 5608567768199839.0 
3.362715327718908e-06 5245760533821292.0 
3.580572128366745e-06 4903994280784147.0 
3.8125429948700106e-06 4581884492506441.0 
4.05954232078622e-06 4278148147562285.0 
4.322543739553628e-06 3991610025435225.0 
4.60258396240481e-06 3721208040588171.5 
4.900766864923265e-06 3465998745476794.5 
5.2182678383515925e-06 3225154442124909.0 
5.55633842280334e-06 2997960175301538.0 
5.916311240642094e-06 2783803706394301.0 
6.2996052494743695e-06 2582159917681508.0 
6.707731335462662e-06 2392572655198942.0 
7.142298269006938e-06 2214632468435604.2 
7.6050190462705574e-06 2047954676789624.2 
8.097717641548397e-06 1892157060298105.0 
8.622336197093503e-06 1746842461802117.0 
9.180942678743854e-06 1611585003792967.5 
9.775739027526401e-06 1485922430083047.5 
1.0409069839370586e-05 1369355551102233.8 
1.1083431607145728e-05 1261353378622907.5 
1.1801482561452866e-05 1161363614366686.2 
1.2566053148961804e-05 1068826435903588.2 
1.3380157189597483e-05 983189109693436.2 
1.4247003756555655e-05 903920181097973.2 
1.5170009825977057e-05 830521228084797.6 
1.615281374614281e-05 762534171976223.1 
1.719928957928509e-05 699544743371115.8 
1.831356237254599e-05 641181524665600.8 
1.9500024418280298e-05 587111403279438.6 
2.076335256779779e-05 537033079286187.75 
2.2108526666793492e-05 490669767304119.5 
2.354084918513532e-05 447762429316811.44 
2.506596611838633e-05 408065191915249.25 
2.66898892434529e-05 371343133859615.2 
2.841901981608685e-05 337372723723823.94 
3.0260173803653264e-05 305944418367895.06 
3.22206087526274e-05 276866429810982.4 
3.430805239672989e-05 249968431684836.8 
3.653073311846677e-05 225104110070264.78 
3.889741238415048e-05 202151635006230.78 
4.141741928025567e-05 181011576465948.44 
4.410068728724671e-05 161602445760104.72 
4.6957793435832774e-05 143854507140546.8 
4.9999999999999996e-05 127702766093358.9 
