1e-07 4.513940031839341e+16 
1.0647859778233501e-07 4.238004059082654e+16 
1.1337691785692256e-07 3.978874909554218e+16 
1.2072215234288093e-07 3.735535007282281e+16 
1.2854325502735365e-07 3.507032041145999e+16 
1.3687105549689703e-07 3.2924667125131184e+16 
1.4573838066297754e-07 3.0909925108435624e+16 
1.5518018416061984e-07 2.901809064231145e+16 
1.6523368413027314e-07 2.7241575144079108e+16 
1.7593850992600711e-07 2.5573194730790732e+16 
1.8733685832834668e-07 2.4006072370194344e+16 
1.994736598775026e-07 2.253364139726511e+16 
2.12396755982669e-07 2.1149609473558216e+16 
2.261570875055137e-07 1.984790588875316e+16 
2.408088955612389e-07 1.862272512058687e+16 
2.5640993532873474e-07 1.7468502267413188e+16 
2.730217037126282e-07 1.6379945836257816e+16 
2.9070968175464785e-07 1.535208254294271e+16 
3.095435927498377e-07 1.4380310623909832e+16 
3.295976770850881e-07 1.3460462905915272e+16 
3.509509848833503e-07 1.2588870440676452e+16 
3.7368768760708517e-07 1.1762413427597272e+16 
3.9789740984925684e-07 1.0978534670257254e+16 
4.236755826197192e-07 1.0235243503609074e+16 
4.511238195196144e-07 9531050619938262.0 
4.803503172865972e-07 8864886171823388.0 
5.114702822897648e-07 8235966058564603.0 
5.446063846554921e-07 7643660190110256.0 
5.798892418142366e-07 7087341390239714.0 
6.17457933374413e-07 6566271052430108.0 
6.574605493528594e-07 6079490688396164.0 
7.000547739229598e-07 5625811110494718.0 
7.454085069814631e-07 5203788495081171.0 
7.937005259840992e-07 4811775036831823.0 
8.451211906588864e-07 4447998745488145.0 
8.998731933749544e-07 4110642003008876.0 
9.581723581247714e-07 3797925267217308.0 
1.02024849126919e-06 3508170952384837.0 
1.08634628739886e-06 3239844119147969.0 
1.1567262938827613e-06 2991568180339662.0 
1.2316659379059358e-06 2762117026021491.0 
1.311460620044883e-06 2550390359482920.5 
1.396424878691305e-06 2355375885665628.5 
1.4868936299141743e-06 2176114253633585.5 
1.5832234876474744e-06 2011663579890284.0 
1.6857941694076074e-06 1861074158376079.5 
1.7950099930815817e-06 1723372865734113.0 
1.911301470686057e-06 1597559040190097.0 
2.035127005379656e-06 1482608329533026.0 
2.1669746984178838e-06 1377487654249843.2 
2.3073642731733407e-06 1281173818054956.8 
2.4568491238055393e-06 1192675061593274.2 
2.6160184966557168e-06 1111054216029301.8 
2.7854998129655278e-06 1035448529581778.0 
2.9659611420752584e-06 965086731625677.0 
3.158113834850658e-06 899300425436026.4 
3.362715327718908e-06 837529636068633.4 
3.580572128366745e-06 779321523169010.2 
3.8125429948700106e-06 724324086129994.2 
4.05954232078622e-06 672274945367417.4 
4.322543739553628e-06 622987002855485.1 
4.60258396240481e-06 576331414413536.2 
4.900766864923265e-06 532221661143453.2 
5.2182678383515925e-06 490597365069265.75 
5.55633842280334e-06 451411626911416.1 
5.916311240642094e-06 414619901399407.8 
6.2996052494743695e-06 380172903456012.25 
6.707731335462662e-06 348012038207654.94 
7.142298269006938e-06 318067447485620.8 
7.6050190462705574e-06 290258198138936.9 
8.097717641548397e-06 264493784587821.94 
8.622336197093503e-06 240676426483828.56 
9.180942678743854e-06 218703741554829.38 
9.775739027526401e-06 198471201217812.88 
1.0409069839370586e-05 179874313436556.44 
1.1083431607145728e-05 162810271369430.16 
1.1801482561452866e-05 147179147383902.3 
1.2566053148961804e-05 132884538482679.56 
1.3380157189597483e-05 119833962957227.73 
1.4247003756555655e-05 107938890593452.25 
1.5170009825977057e-05 97114687884754.06 
1.615281374614281e-05 87280465483725.72 
1.719928957928509e-05 78358961838626.89 
1.831356237254599e-05 70276477575673.08 
1.9500024418280298e-05 62962894104652.586 
2.076335256779779e-05 56351798707892.87 
2.2108526666793492e-05 50380687017079.85 
2.354084918513532e-05 44991246595416.53 
2.506596611838633e-05 40129703316453.64 
2.66898892434529e-05 35747183780370.22 
2.841901981608685e-05 31800052031735.04 
3.0260173803653264e-05 28250134492591.867 
3.22206087526274e-05 25064668115110.04 
3.430805239672989e-05 22215679637872.195 
3.653073311846677e-05 19678347819507.477 
3.889741238415048e-05 17427938156341.617 
4.141741928025567e-05 15435492216836.064 
4.410068728724671e-05 13664320030834.686 
4.6957793435832774e-05 12069241068325.625 
4.9999999999999996e-05 10605170040481.16 
