1e-07 587552831078964.0 
1.0647859778233501e-07 592306778385414.2 
1.1337691785692256e-07 596921575998109.2 
1.2072215234288093e-07 601422994111975.5 
1.2854325502735365e-07 605853373646393.5 
1.3687105549689703e-07 610257206801634.8 
1.4573838066297754e-07 614692107657614.1 
1.5518018416061984e-07 619221179785837.0 
1.6523368413027314e-07 623909156522911.5 
1.7593850992600711e-07 628816379667670.9 
1.8733685832834668e-07 633988672901716.2 
1.994736598775026e-07 639447177060275.8 
2.12396755982669e-07 645171592765058.0 
2.261570875055137e-07 651087272276513.2 
2.408088955612389e-07 657053492551668.5 
2.5640993532873474e-07 662847226164424.9 
2.730217037126282e-07 668164189967657.2 
2.9070968175464785e-07 672625924254374.8 
3.095435927498377e-07 675801038863166.5 
3.295976770850881e-07 677243656636580.2 
3.509509848833503e-07 676544503639878.0 
3.7368768760708517e-07 673390942869122.9 
3.9789740984925684e-07 667628993692929.2 
4.236755826197192e-07 659309886696597.1 
4.511238195196144e-07 648712164221240.6 
4.803503172865972e-07 636329781348480.5 
5.114702822897648e-07 622820156803014.5 
5.446063846554921e-07 608917221370660.2 
5.798892418142366e-07 595324812545044.5 
6.17457933374413e-07 582616349337192.2 
6.574605493528594e-07 571151607359984.2 
7.000547739229598e-07 561037675699886.25 
7.454085069814631e-07 552143471970195.1 
7.937005259840992e-07 544143849988430.0 
8.451211906588864e-07 536613146955968.5 
8.998731933749544e-07 529110620325187.25 
9.581723581247714e-07 521262072113141.75 
1.02024849126919e-06 512812640099916.6 
1.08634628739886e-06 503643374814472.8 
1.1567262938827613e-06 493761904693508.2 
1.2316659379059358e-06 483269531285869.4 
1.311460620044883e-06 472318698312432.9 
1.396424878691305e-06 461073168421079.0 
1.4868936299141743e-06 449673743835608.8 
1.5832234876474744e-06 438217975556565.8 
1.6857941694076074e-06 426752043008042.5 
1.7950099930815817e-06 415271108924154.75 
1.911301470686057e-06 403727503969573.0 
2.035127005379656e-06 392041629318440.1 
2.1669746984178838e-06 380116252570258.5 
2.3073642731733407e-06 367849586676411.3 
2.4568491238055393e-06 355147275175211.9 
2.6160184966557168e-06 341934006554788.25 
2.7854998129655278e-06 328161427838205.75 
2.9659611420752584e-06 313814677174633.75 
3.158113834850658e-06 298915952905633.56 
3.362715327718908e-06 283524755809232.44 
3.580572128366745e-06 267734946993433.75 
3.8125429948700106e-06 251669378668828.06 
4.05954232078622e-06 235472788856416.53 
4.322543739553628e-06 219302774864548.22 
4.60258396240481e-06 203320347230621.8 
4.900766864923265e-06 187681674485303.6 
5.2182678383515925e-06 172529862127641.03 
5.55633842280334e-06 157989587514955.94 
5.916311240642094e-06 144162553650348.62 
6.2996052494743695e-06 131125703243051.12 
6.707731335462662e-06 118930887159482.38 
7.142298269006938e-06 107606061324930.88 
7.6050190462705574e-06 97157674986835.14 
8.097717641548397e-06 87573774003834.6 
8.622336197093503e-06 78827409676643.84 
9.180942678743854e-06 70880234492071.55 
9.775739027526401e-06 63685813719354.305 
1.0409069839370586e-05 57192620321636.266 
1.1083431607145728e-05 51346593081960.0 
1.1801482561452866e-05 46093198558521.65 
1.2566053148961804e-05 41378975184418.87 
1.3380157189597483e-05 37152705762016.6 
1.4247003756555655e-05 33366142233298.07 
1.5170009825977057e-05 29974455623007.758 
1.615281374614281e-05 26936428264667.99 
1.719928957928509e-05 24214482770889.332 
1.831356237254599e-05 21774608874607.883 
1.9500024418280298e-05 19586196757196.008 
2.076335256779779e-05 17621866105535.535 
2.2108526666793492e-05 15857255490250.107 
2.354084918513532e-05 14270829198448.672 
2.506596611838633e-05 12843673044735.95 
2.66898892434529e-05 11559283643844.375 
2.841901981608685e-05 10403330620208.098 
3.0260173803653264e-05 9363347323051.025 
3.22206087526274e-05 8428309979671.154 
3.430805239672989e-05 7588011245401.069 
3.653073311846677e-05 6832154420673.1 
3.889741238415048e-05 6149177237828.943 
4.141741928025567e-05 5525107416276.778 
4.410068728724671e-05 4943425090755.717 
4.6957793435832774e-05 4387200876574.236 
4.9999999999999996e-05 3845947615723.4077 
