1e-07 36370065779721.42 
1.0647859778233501e-07 38712950511340.98 
1.1337691785692256e-07 41204856367365.05 
1.2072215234288093e-07 43854868111861.94 
1.2854325502735365e-07 46672542207764.484 
1.3687105549689703e-07 49667913595451.47 
1.4573838066297754e-07 52851498142039.17 
1.5518018416061984e-07 56234289550709.08 
1.6523368413027314e-07 59827749269198.31 
1.7593850992600711e-07 63643787641234.65 
1.8733685832834668e-07 67694734205016.234 
1.994736598775026e-07 71993294625426.62 
2.12396755982669e-07 76552491308397.05 
2.261570875055137e-07 81385584187611.16 
2.408088955612389e-07 86505967584736.69 
2.5640993532873474e-07 91927039575636.9 
2.730217037126282e-07 97662033855209.1 
2.9070968175464785e-07 103723809045752.62 
3.095435927498377e-07 110124606461168.28 
3.295976770850881e-07 116875729662099.27 
3.509509848833503e-07 123987172319037.69 
3.7368768760708517e-07 131467168884714.94 
3.9789740984925684e-07 139321662088376.72 
4.236755826197192e-07 147553669253290.3 
4.511238195196144e-07 156162556588834.62 
4.803503172865972e-07 165143158575590.0 
5.114702822897648e-07 174484930312575.94 
5.446063846554921e-07 184170688958724.44 
5.798892418142366e-07 194175494850534.03 
6.17457933374413e-07 204465344563726.28 
6.574605493528594e-07 214995748002689.28 
7.000547739229598e-07 225710310460239.5 
7.454085069814631e-07 236539225781706.62 
7.937005259840992e-07 247397976974707.0 
8.451211906588864e-07 258186140318129.7 
8.998731933749544e-07 268786715621617.28 
9.581723581247714e-07 279065296591920.5 
1.02024849126919e-06 288872078349082.6 
1.08634628739886e-06 298039702995021.4 
1.1567262938827613e-06 306389304689594.7 
1.2316659379059358e-06 313732222344147.9 
1.311460620044883e-06 319875419224884.5 
1.396424878691305e-06 324628132160467.4 
1.4868936299141743e-06 327809756757698.9 
1.5832234876474744e-06 329259403024096.1 
1.6857941694076074e-06 328847176256975.6 
1.7950099930815817e-06 326479198296206.6 
1.911301470686057e-06 322113751644408.06 
2.035127005379656e-06 315765719568852.0 
2.1669746984178838e-06 307512665543475.44 
2.3073642731733407e-06 297497728051645.75 
2.4568491238055393e-06 285921429131049.44 
2.6160184966557168e-06 273048784160010.22 
2.7854998129655278e-06 259184615677838.7 
2.9659611420752584e-06 244666242165483.7 
3.158113834850658e-06 229843866290526.75 
3.362715327718908e-06 215062425185872.0 
3.580572128366745e-06 200642819781423.7 
3.8125429948700106e-06 186864418417595.12 
4.05954232078622e-06 173951603278518.0 
4.322543739553628e-06 162064095069483.2 
4.60258396240481e-06 151292624153051.28 
4.900766864923265e-06 141659599490275.16 
5.2182678383515925e-06 133125017464697.9 
5.55633842280334e-06 125596068937647.14 
5.916311240642094e-06 118940022709492.84 
6.2996052494743695e-06 112998617752343.19 
6.707731335462662e-06 107602737261392.66 
7.142298269006938e-06 102586185617760.62 
7.6050190462705574e-06 97797316903671.36 
8.097717641548397e-06 93108336183068.19 
8.622336197093503e-06 88421069929991.55 
9.180942678743854e-06 83669793669663.14 
9.775739027526401e-06 78821344809742.84 
1.0409069839370586e-05 73872497633913.66 
1.1083431607145728e-05 68845138997917.28 
1.1801482561452866e-05 63781133935390.24 
1.2566053148961804e-05 58735303337604.81 
1.3380157189597483e-05 53769452335908.766 
1.4247003756555655e-05 48946141041222.6 
1.5170009825977057e-05 44323774991682.445 
1.615281374614281e-05 39952561145213.8 
1.719928957928509e-05 35871820411405.64 
1.831356237254599e-05 32108513315316.797 
1.9500024418280298e-05 28676908341284.645 
2.076335256779779e-05 25579227524161.18 
2.2108526666793492e-05 22807078390874.324 
2.354084918513532e-05 20343379925414.15 
2.506596611838633e-05 18164589205311.0 
2.66898892434529e-05 16242982968864.66 
2.841901981608685e-05 14548816333141.805 
3.0260173803653264e-05 13052217909861.63 
3.22206087526274e-05 11724730022588.373 
3.430805239672989e-05 10540441270163.135 
3.653073311846677e-05 9476712062944.402 
3.889741238415048e-05 8514521142446.422 
4.141741928025567e-05 7638483592359.441 
4.410068728724671e-05 6836621674362.983 
4.6957793435832774e-05 6099951108569.392 
4.9999999999999996e-05 5421962682279.521 
