1e-07 13104466264106.58 
1.0647859778233501e-07 13952900726309.582 
1.1337691785692256e-07 14856187680694.527 
1.2072215234288093e-07 15817857163024.664 
1.2854325502735365e-07 16841663015460.871 
1.3687105549689703e-07 17931596374972.793 
1.4573838066297754e-07 19091899829834.44 
1.5518018416061984e-07 20327082236725.555 
1.6523368413027314e-07 21641934200408.836 
1.7593850992600711e-07 23041544188786.305 
1.8733685832834668e-07 24531315253118.598 
1.994736598775026e-07 26116982302211.465 
2.12396755982669e-07 27804629858857.312 
2.261570875055137e-07 29600710199754.81 
2.408088955612389e-07 31512061682177.086 
2.5640993532873474e-07 33545927481051.312 
2.730217037126282e-07 35709973539083.07 
2.9070968175464785e-07 38012306588377.11 
3.095435927498377e-07 40461491920102.28 
3.295976770850881e-07 43066568354946.26 
3.509509848833503e-07 45837063161251.56 
3.7368768760708517e-07 48783003648336.41 
3.9789740984925684e-07 51914926261732.164 
4.236755826197192e-07 55243880469621.484 
4.511238195196144e-07 58781428396267.05 
4.803503172865972e-07 62539637041016.95 
5.114702822897648e-07 66531061714243.17 
5.446063846554921e-07 70768721574252.05 
5.798892418142366e-07 75266056414919.61 
6.17457933374413e-07 80036875099785.14 
6.574605493528594e-07 85095277776688.8 
7.000547739229598e-07 90455559419869.62 
7.454085069814631e-07 96132084270603.45 
7.937005259840992e-07 102139124558297.3 
8.451211906588864e-07 108490664504043.94 
8.998731933749544e-07 115200151348265.1 
9.581723581247714e-07 122280191499010.17 
1.02024849126919e-06 129742191868487.06 
1.08634628739886e-06 137595986987970.39 
1.1567262938827613e-06 145849093728982.0 
1.2316659379059358e-06 154506374234199.12 
1.311460620044883e-06 163569122982707.88 
1.396424878691305e-06 173034300005012.34 
1.4868936299141743e-06 182893530591368.44 
1.5832234876474744e-06 193131997963521.12 
1.6857941694076074e-06 203727276673541.2 
1.7950099930815817e-06 214647861963521.7 
1.911301470686057e-06 225851979147237.3 
2.035127005379656e-06 237285919433174.0 
2.1669746984178838e-06 248882813244819.4 
2.3073642731733407e-06 260561276883411.38 
2.4568491238055393e-06 272224408823501.94 
2.6160184966557168e-06 283759466822842.2 
2.7854998129655278e-06 295037617816232.25 
2.9659611420752584e-06 305915058620187.94 
3.158113834850658e-06 316234392510331.1 
3.362715327718908e-06 325827512457604.5 
3.580572128366745e-06 334519007961935.5 
3.8125429948700106e-06 342130778299321.2 
4.05954232078622e-06 348487286371621.0 
4.322543739553628e-06 353421621277365.44 
4.60258396240481e-06 356781786189613.5 
4.900766864923265e-06 358438167516122.4 
5.2182678383515925e-06 358290459706790.9 
5.55633842280334e-06 356275344678774.44 
5.916311240642094e-06 352373765325263.7 
6.2996052494743695e-06 346617207897820.6 
6.707731335462662e-06 339092463458142.5 
7.142298269006938e-06 329943435612100.1 
7.6050190462705574e-06 319369539016179.4 
8.097717641548397e-06 307619419820296.25 
8.622336197093503e-06 294980136374334.75 
9.180942678743854e-06 281762086551336.0 
9.775739027526401e-06 268280664581385.88 
1.0409069839370586e-05 254836285449157.5 
1.1083431607145728e-05 241694920040744.03 
1.1801482561452866e-05 229071258258273.28 
1.2566053148961804e-05 217116158663891.8 
1.3380157189597483e-05 205910211574339.0 
1.4247003756555655e-05 195463982073366.9 
1.5170009825977057e-05 185725063745313.84 
1.615281374614281e-05 176590653264475.75 
1.719928957928509e-05 167924837766580.94 
1.831356237254599e-05 159577835942312.22 
1.9500024418280298e-05 151405238176293.5 
2.076335256779779e-05 143285005393123.3 
2.2108526666793492e-05 135130260213418.06 
2.354084918513532e-05 126896720071061.38 
2.506596611838633e-05 118584181974669.4 
2.66898892434529e-05 110232501297783.0 
2.841901981608685e-05 101912983577013.83 
3.0260173803653264e-05 93716901825676.39 
3.22206087526274e-05 85742952435457.81 
3.430805239672989e-05 78085364585274.64 
3.653073311846677e-05 70824284214803.23 
3.889741238415048e-05 64019274998478.34 
4.141741928025567e-05 57706307272838.766 
4.410068728724671e-05 51898065696406.87 
4.6957793435832774e-05 46586926093692.14 
4.9999999999999996e-05 41749635597703.75 
