1e-07 1.2025311646628406e+17 
1.0647859778233501e-07 1.1293710553822536e+17 
1.1337691785692256e-07 1.0606627555839453e+17 
1.2072215234288093e-07 9.961354281208304e+16 
1.2854325502735365e-07 9.355347166852589e+16 
1.3687105549689703e-07 8.786217431756414e+16 
1.4573838066297754e-07 8.251721661523634e+16 
1.5518018416061984e-07 7.74975296460478e+16 
1.6523368413027314e-07 7.278332793903712e+16 
1.7593850992600711e-07 6.835602635395425e+16 
1.8733685832834668e-07 6.419817465066284e+16 
1.994736598775026e-07 6.029338339640273e+16 
2.12396755982669e-07 5.662626071970093e+16 
2.261570875055137e-07 5.318235157573143e+16 
2.408088955612389e-07 4.994808105172803e+16 
2.5640993532873474e-07 4.6910700436025576e+16 
2.730217037126282e-07 4.405823726752341e+16 
2.9070968175464785e-07 4.137944807832494e+16 
3.095435927498377e-07 3.886377407582542e+16 
3.295976770850881e-07 3.650129954672278e+16 
3.509509848833503e-07 3.4282712778237236e+16 
3.7368768760708517e-07 3.219926933944093e+16 
3.9789740984925684e-07 3.0242757536760756e+16 
4.236755826197192e-07 2.840546654150492e+16 
4.511238195196144e-07 2.6680155308989104e+16 
4.803503172865972e-07 2.5060023988685424e+16 
5.114702822897648e-07 2.3538688067713308e+16 
5.446063846554921e-07 2.211015260784464e+16 
5.798892418142366e-07 2.0768787028485468e+16 
6.17457933374413e-07 1.9509305702228304e+16 
6.574605493528594e-07 1.8326744811205284e+16 
7.000547739229598e-07 1.7216443076660166e+16 
7.454085069814631e-07 1.6174023057426356e+16 
7.937005259840992e-07 1.5195373796189242e+16 
8.451211906588864e-07 1.4276632525611012e+16 
8.998731933749544e-07 1.341416936533336e+16 
9.581723581247714e-07 1.2604571803688186e+16 
1.02024849126919e-06 1.1844630616235786e+16 
1.08634628739886e-06 1.113132253058234e+16 
1.1567262938827613e-06 1.046179925477486e+16 
1.2316659379059358e-06 9833371002546652.0 
1.311460620044883e-06 9243494418786760.0 
1.396424878691305e-06 8689758674414852.0 
1.4868936299141743e-06 8169875819042795.0 
1.5832234876474744e-06 7681665730507380.0 
1.6857941694076074e-06 7223048292714574.0 
1.7950099930815817e-06 6792035700057244.0 
1.911301470686057e-06 6386725479583234.0 
2.035127005379656e-06 6005301613895240.0 
2.1669746984178838e-06 5646033712027230.0 
2.3073642731733407e-06 5307283697528515.0 
2.4568491238055393e-06 4987509768878607.0 
2.6160184966557168e-06 4685280987607016.0 
2.7854998129655278e-06 4399287619682209.5 
2.9659611420752584e-06 4128349494569528.0 
3.158113834850658e-06 3871426669483885.5 
3.362715327718908e-06 3627622070263566.0 
3.580572128366745e-06 3396179035041277.0 
3.8125429948700106e-06 3176471012139037.0 
4.05954232078622e-06 2967987674938248.5 
4.322543739553628e-06 2770311380392576.5 
4.60258396240481e-06 2583093184061972.5 
4.900766864923265e-06 2406025557529016.5 
5.2182678383515925e-06 2238818120030151.8 
5.55633842280334e-06 2081175054100567.2 
5.916311240642094e-06 1932780575834279.0 
6.2996052494743695e-06 1793288063106864.0 
6.707731335462662e-06 1662317794076466.5 
7.142298269006938e-06 1539460339121825.5 
7.6050190462705574e-06 1424283534215022.2 
8.097717641548397e-06 1316343157002456.8 
8.622336197093503e-06 1215195953614323.0 
9.180942678743854e-06 1120410811032199.1 
9.775739027526401e-06 1031579545424399.2 
1.0409069839370586e-05 948324799539958.5 
1.1083431607145728e-05 870304892519825.1 
1.1801482561452866e-05 797216269564589.2 
1.2566053148961804e-05 728792755446446.9 
1.3380157189597483e-05 664802652868811.0 
1.4247003756555655e-05 605044255694750.8 
1.5170009825977057e-05 549340280849395.6 
1.615281374614281e-05 497532054700026.6 
1.719928957928509e-05 449473528643491.6 
1.831356237254599e-05 405026101352394.6 
1.9500024418280298e-05 364053807463960.4 
2.076335256779779e-05 326419490835030.4 
2.2108526666793492e-05 291981799400575.25 
2.354084918513532e-05 260592970615128.94 
2.506596611838633e-05 232097476031304.78 
2.66898892434529e-05 206331540057593.28 
2.841901981608685e-05 183123390203166.94 
3.0260173803653264e-05 162294391403082.47 
3.22206087526274e-05 143660914928990.56 
3.430805239672989e-05 127036914678180.28 
3.653073311846677e-05 112237023407097.48 
3.889741238415048e-05 99079968658945.78 
4.141741928025567e-05 87392025082172.53 
4.410068728724671e-05 77010194206945.72 
4.6957793435832774e-05 67784831665095.16 
4.9999999999999996e-05 59581484758543.76 
