0.1 0.0
0.15490533562822878 0.0009758019960055325
0.16006884681583594 0.0014798331982375423
0.16523235800344344 0.0024153425010859614
0.17039586919105115 0.00456640543233821
0.18416523235800458 0.008220412614574978
0.2048192771084349 0.012775649214671234
0.22203098106712676 0.01985511196444599
0.24956970740103374 0.03240696035787187
0.28055077452667926 0.05036486330526311
0.3046471600688479 0.07453159674382338
0.33218588640275487 0.1158323286254715
0.36660929432013883 0.17141252532913248
0.38726333907056903 0.25366194557578126
0.4113597246127377 0.3753773681925619
0.4475043029259908 0.7096820647674803
0.4733218588640285 1.4090816855117418
0.4939759036144587 2.797747463288562
0.5111876075731507 5.554958913183869
0.5180722891566274 7.827390868337552
0.5283993115318426 18.90582983690772
0.5352839931153193 64.34438263329034
0.5421686746987961 1000.0000000000061
0.5628227194492263 86.33168407011637
0.5800344234079182 10.502110796366745
0.6041308089500868 3.085756852716073
0.6179001721170403 2.0852058572487704
0.641996557659209 1.8001933328915591
0.6833046471600697 1.8001933328915591
0.7211703958691917 1.8905829836907722
0.7487091222030986 1.985511196444595
0.7728055077452674 1.8905829836907762
0.7934595524956976 1.5541372208032327
0.8003442340791744 1.2775649214671259
0.8072289156626511 1.4798331982375392
0.8244406196213432 2.4153425010859713
0.8416523235800348 3.574304018221088
0.8519793459552503 5.03648633052631
0.8657487091222036 8.220412614574977
0.8795180722891571 15.541372208032326
0.8932874354561109 58.33879397552163
0.9070567986230644 253.66194557578174
0.920826161790018 709.6820647674804
0.9277108433734946 1632.172128563287
0.9277108433734946 3085.7568527160724
0.9345955249569715 5833.879397552158
0.9345955249569715 14090.81685511739
0.9380378657487096 55549.589131838584
0.9414802065404484 643443.8263329021
0.9449225473321867 2938225.383971024
0.9518072289156634 675751.8355386258
0.9552495697074017 115832.32862547174
0.9621342512908784 20852.058572487662
0.9690189328743553 9066.649113412856
0.9793459552495702 6434.438263329034
0.9896729776247855 4975.176708454692
1.0172117039586925 4795.689579154643
1.041308089500861 5289.373746757346
1.0757314974182448 7827.390868337576
1.096385542168675 11029.433117916204
1.113597246127367 16321.721285632837
1.130808950086059 21899.06294605926
1.1549053356282275 30857.56852716079
1.1790017211703963 43480.83467104544
1.2099827882960414 57628.63034635138
1.2444061962134254 74531.59674382352
1.302925989672978 121648.394902586
1.3580034423407918 155413.72208032294
1.4302925989672979 205982.24501153937
1.5060240963855422 253661.94557578227
1.5576592082616176 253661.94557578227
1.6196213425129091 241534.25010859763
1.6953528399311528 198551.1196444603
1.7435456110154903 189058.29836907762
1.802065404475043 198551.1196444603
1.888123924268502 208520.58572487748
2.180722891566264 241534.25010859763
2.5180722891566254 279774.7463288585
2.9036144578313237 340341.4882518366
3.0103270223752134 366293.9851376146
